240,50,60,h2h2ll,500000,0.01996
240,50,70,h2h2ll,500000,0.01744
240,50,80,h2h2ll,500000,0.0156
240,50,90,h2h2ll,500000,0.01411
240,50,100,h2h2ll,500000,0.01252
240,50,110,h2h2ll,500000,0.01056
240,50,120,h2h2ll,500000,0.008634
240,50,130,h2h2ll,500000,0.006792
240,50,140,h2h2ll,0,0.005089
240,50,150,h2h2ll,500000,0.003553
240,50,160,h2h2ll,500000,0.002226
240,50,170,h2h2ll,500000,0.001157
240,55,65,h2h2ll,500000,0.01846
240,55,75,h2h2ll,500000,0.01593
240,55,85,h2h2ll,500000,0.01407
240,55,95,h2h2ll,500000,0.01251
240,55,105,h2h2ll,500000,0.0109
240,55,115,h2h2ll,500000,0.008969
240,55,125,h2h2ll,500000,0.007102
240,55,135,h2h2ll,500000,0.005344
240,55,145,h2h2ll,500000,0.003774
240,55,155,h2h2ll,500000,0.002386
240,55,165,h2h2ll,500000,0.00125
240,55,175,h2h2ll,500000,0.0004255
240,60,70,h2h2ll,500000,0.01685
240,60,80,h2h2ll,500000,0.01437
240,60,90,h2h2ll,500000,0.01249
240,60,100,h2h2ll,500000,0.01089
240,60,110,h2h2ll,500000,0.009258
240,60,120,h2h2ll,500000,0.007382
240,60,130,h2h2ll,500000,0.005601
240,60,140,h2h2ll,500000,0.00397
240,60,150,h2h2ll,500000,0.002532
240,60,160,h2h2ll,500000,0.00134
240,60,170,h2h2ll,500000,0.0004572
240,60,180,h2h2ll,500000,6.172e-06
240,65,75,h2h2ll,500000,0.01519
240,65,85,h2h2ll,500000,0.01276
240,65,95,h2h2ll,500000,0.01087
240,65,105,h2h2ll,500000,0.009242
240,65,115,h2h2ll,500000,0.007614
240,65,125,h2h2ll,500000,0.005816
240,65,135,h2h2ll,500000,0.004147
240,65,145,h2h2ll,6255,0.002667
240,65,155,h2h2ll,500000,0.001424
240,65,165,h2h2ll,500000,0.000489
240,65,175,h2h2ll,500000,2.92e-06
240,65,185,h2h2ll,500000,1.235e-06
240,70,80,h2h2ll,500000,0.0135
240,70,90,h2h2ll,500000,0.01112
240,70,100,h2h2ll,500000,0.009228
240,70,110,h2h2ll,500000,0.00761
240,70,120,h2h2ll,500000,0.006004
240,70,130,h2h2ll,500000,0.004307
240,70,140,h2h2ll,500000,0.002785
240,70,150,h2h2ll,500000,0.001496
240,70,160,h2h2ll,500000,0.0005191
240,70,170,h2h2ll,500000,8.479e-07
240,70,180,h2h2ll,500000,3.129e-07
240,70,190,h2h2ll,500000,2.916e-07
240,75,85,h2h2ll,500000,0.01173
240,75,95,h2h2ll,500000,0.009441
240,75,105,h2h2ll,500000,0.007594
240,75,115,h2h2ll,500000,0.005989
240,75,125,h2h2ll,500000,0.004442
240,75,135,h2h2ll,500000,0.002891
240,75,145,h2h2ll,500000,0.001566
240,75,155,h2h2ll,500000,0.0005465
240,75,165,h2h2ll,500000,1.331e-07
240,75,175,h2h2ll,500000,4.238e-08
240,75,185,h2h2ll,500000,3.665e-08
240,75,195,h2h2ll,500000,3.474e-08
240,80,90,h2h2ll,500000,0.009974
240,80,100,h2h2ll,500000,0.007773
240,80,110,h2h2ll,500000,0.005984
240,80,120,h2h2ll,500000,0.004429
240,80,130,h2h2ll,500000,0.002985
240,80,140,h2h2ll,500000,0.001627
240,80,150,h2h2ll,500000,0.0005718
240,80,160,h2h2ll,500000,5.423e-08
240,80,170,h2h2ll,500000,1.569e-08
240,80,180,h2h2ll,500000,1.332e-08
240,80,190,h2h2ll,500000,1.26e-08
240,80,200,h2h2ll,500000,1.235e-08
240,85,95,h2h2ll,500000,0.008205
240,85,105,h2h2ll,500000,0.006128
240,85,115,h2h2ll,500000,0.004434
240,85,125,h2h2ll,500000,0.002975
240,85,135,h2h2ll,500000,0.001678
240,85,145,h2h2ll,500000,0.0005937
240,85,155,h2h2ll,500000,2.398e-08
240,85,165,h2h2ll,500000,6.211e-09
240,85,175,h2h2ll,500000,5.265e-09
240,85,185,h2h2ll,500000,5.009e-09
240,85,195,h2h2ll,500000,4.944e-09
240,85,205,h2h2ll,500000,4.963e-09
240,90,100,h2h2ll,500000,0.006466
240,90,110,h2h2ll,500000,0.004532
240,90,120,h2h2ll,500000,0.002975
240,90,130,h2h2ll,500000,0.001672
240,90,140,h2h2ll,500000,0.0006128
240,90,150,h2h2ll,500000,9.929e-09
240,90,160,h2h2ll,500000,2.26e-09
240,90,170,h2h2ll,500000,1.925e-09
240,90,180,h2h2ll,500000,1.848e-09
240,90,190,h2h2ll,500000,1.843e-09
240,90,200,h2h2ll,500000,1.866e-09
240,90,210,h2h2ll,500000,1.903e-09
240,95,105,h2h2ll,500000,0.004785
240,95,115,h2h2ll,500000,0.003048
240,95,125,h2h2ll,500000,0.001673
240,95,135,h2h2ll,500000,0.0006108
240,95,145,h2h2ll,500000,3.599e-09
240,95,155,h2h2ll,500000,7.026e-10
240,95,165,h2h2ll,500000,6.067e-10
240,95,175,h2h2ll,500000,5.902e-10
240,95,185,h2h2ll,500000,5.946e-10
240,95,195,h2h2ll,500000,6.071e-10
240,95,205,h2h2ll,500000,6.243e-10
240,95,215,h2h2ll,500000,6.421e-10
240,100,110,h2h2ll,500000,0.003218
240,100,120,h2h2ll,500000,0.001712
240,100,130,h2h2ll,0,0.0006113
240,100,140,h2h2ll,500000,1.057e-09
240,100,150,h2h2ll,500000,1.713e-10
240,100,160,h2h2ll,500000,1.513e-10
240,100,170,h2h2ll,500000,1.494e-10
240,100,180,h2h2ll,500000,1.523e-10
240,100,190,h2h2ll,500000,1.57e-10
240,100,200,h2h2ll,500000,1.627e-10
240,100,210,h2h2ll,500000,1.685e-10
240,100,220,h2h2ll,500000,1.746e-10
240,105,115,h2h2ll,500000,0.001811
240,105,125,h2h2ll,500000,0.000625
240,105,135,h2h2ll,500000,2.253e-10
240,105,145,h2h2ll,500000,2.828e-11
240,105,155,h2h2ll,500000,2.584e-11
240,105,165,h2h2ll,500000,2.594e-11
240,105,175,h2h2ll,500000,2.671e-11
240,105,185,h2h2ll,500000,2.777e-11
240,105,195,h2h2ll,500000,2.895e-11
240,105,205,h2h2ll,500000,3.02e-11
240,105,215,h2h2ll,500000,3.143e-11
240,105,225,h2h2ll,500000,3.265e-11
240,110,120,h2h2ll,500000,0.0006608
240,110,130,h2h2ll,500000,3.628e-11
240,110,140,h2h2ll,500000,2.278e-12
240,110,150,h2h2ll,500000,2.172e-12
240,110,160,h2h2ll,500000,2.21e-12
240,110,170,h2h2ll,500000,2.295e-12
240,110,180,h2h2ll,500000,2.402e-12
240,110,190,h2h2ll,500000,2.517e-12
240,110,200,h2h2ll,500000,2.638e-12
240,110,210,h2h2ll,500000,2.758e-12
240,110,220,h2h2ll,500000,2.878e-12
240,110,230,h2h2ll,500000,2.994e-12
240,115,125,h2h2ll,500000,1.526e-11
240,115,135,h2h2ll,500000,2.992e-14
240,115,145,h2h2ll,500000,2.971e-14
240,115,155,h2h2ll,500000,3.054e-14
240,115,165,h2h2ll,500000,3.182e-14
240,115,175,h2h2ll,500000,3.335e-14
240,115,185,h2h2ll,500000,3.501e-14
240,115,195,h2h2ll,500000,3.677e-14
240,115,205,h2h2ll,500000,3.853e-14
240,115,215,h2h2ll,500000,4.029e-14
240,115,225,h2h2ll,500000,4.201e-14
240,115,235,h2h2ll,500000,4.367e-14
240,50,190,h2h2ll,500000,1.526e-05
240,50,210,h2h2ll,500000,7.7e-06
240,50,230,h2h2ll,500000,7.117e-06
240,50,250,h2h2ll,500000,6.92e-06
240,50,270,h2h2ll,500000,6.822e-06
240,60,200,h2h2ll,500000,2.645e-06
240,60,220,h2h2ll,500000,2.492e-06
240,60,240,h2h2ll,500000,2.445e-06
240,60,260,h2h2ll,500000,2.426e-06
240,60,280,h2h2ll,500000,2.417e-06
240,70,210,h2h2ll,500000,2.816e-07
240,70,230,h2h2ll,500000,2.793e-07
240,70,250,h2h2ll,500000,2.786e-07
240,70,270,h2h2ll,500000,2.788e-07
240,70,290,h2h2ll,500000,2.788e-07
240,80,220,h2h2ll,500000,1.235e-08
240,80,240,h2h2ll,500000,1.258e-08
240,80,260,h2h2ll,500000,1.284e-08
240,80,280,h2h2ll,500000,1.311e-08
240,80,300,h2h2ll,500000,1.338e-08
240,90,230,h2h2ll,500000,1.987e-09
240,90,250,h2h2ll,500000,2.076e-09
240,90,270,h2h2ll,500000,2.158e-09
240,90,290,h2h2ll,500000,2.235e-09
240,90,310,h2h2ll,500000,2.303e-09
240,100,240,h2h2ll,500000,1.861e-10
240,100,260,h2h2ll,500000,1.969e-10
240,100,280,h2h2ll,500000,2.068e-10
240,100,300,h2h2ll,500000,2.156e-10
240,100,320,h2h2ll,500000,2.236e-10
240,110,250,h2h2ll,500000,3.214e-12
240,110,270,h2h2ll,500000,3.415e-12
240,110,290,h2h2ll,500000,3.594e-12
240,110,310,h2h2ll,500000,3.756e-12
240,110,330,h2h2ll,500000,3.897e-12
240,50,142,h2h2ll,8575,0.004765
240,55,147,h2h2ll,500000,0.00347
240,60,152,h2h2ll,500000,0.00227
240,65,157,h2h2ll,500000,0.001211
240,70,162,h2h2ll,500000,0.0003699
240,75,167,h2h2ll,500000,6.627e-08
240,80,172,h2h2ll,500000,1.493e-08
240,85,177,h2h2ll,500000,5.185e-09
240,90,182,h2h2ll,500000,1.843e-09
240,95,187,h2h2ll,500000,5.967e-10
240,100,192,h2h2ll,500000,1.581e-10
240,105,197,h2h2ll,500000,2.918e-11
240,110,202,h2h2ll,500000,2.662e-12
240,115,207,h2h2ll,500000,3.889e-14
240,50,60,h2h2llvv,500000,0.003578
240,50,70,h2h2llvv,500000,4.427e-05
240,50,80,h2h2llvv,500000,3.318e-05
240,50,90,h2h2llvv,500000,2.603e-05
240,50,100,h2h2llvv,410307,2.034e-05
240,50,110,h2h2llvv,500000,1.507e-05
240,50,120,h2h2llvv,500000,1.074e-05
240,50,130,h2h2llvv,500000,7.261e-06
240,50,140,h2h2llvv,500000,4.553e-06
240,50,150,h2h2llvv,500000,2.564e-06
240,50,160,h2h2llvv,500000,1.207e-06
240,50,170,h2h2llvv,500000,4.11e-07
240,55,65,h2h2llvv,500000,0.001331
240,55,75,h2h2llvv,500000,3.455e-05
240,55,85,h2h2llvv,500000,2.628e-05
240,55,95,h2h2llvv,500000,2.05e-05
240,55,105,h2h2llvv,500000,1.57e-05
240,55,115,h2h2llvv,500000,1.125e-05
240,55,125,h2h2llvv,500000,7.659e-06
240,55,135,h2h2llvv,500000,4.824e-06
240,55,145,h2h2llvv,500000,2.743e-06
240,55,155,h2h2llvv,500000,1.302e-06
240,55,165,h2h2llvv,500000,4.435e-07
240,55,175,h2h2llvv,400004,6.511e-08
240,60,70,h2h2llvv,500000,3.91e-05
240,60,80,h2h2llvv,500000,2.73e-05
240,60,90,h2h2llvv,500000,2.068e-05
240,60,100,h2h2llvv,500000,1.581e-05
240,60,110,h2h2llvv,500000,1.171e-05
240,60,120,h2h2llvv,500000,8.01e-06
240,60,130,h2h2llvv,500000,5.094e-06
240,60,140,h2h2llvv,-1,2.905e-06
240,60,150,h2h2llvv,500000,1.389e-06
240,60,160,h2h2llvv,500000,4.76e-07
240,60,170,h2h2llvv,500000,6.766e-08
240,60,180,h2h2llvv,500000,1.79e-09
240,65,75,h2h2llvv,500000,3.086e-05
240,65,85,h2h2llvv,500000,2.147e-05
240,65,95,h2h2llvv,500000,1.592e-05
240,65,105,h2h2llvv,500000,1.177e-05
240,65,115,h2h2llvv,500000,8.324e-06
240,65,125,h2h2llvv,500000,5.323e-06
240,65,135,h2h2llvv,500000,3.055e-06
240,65,145,h2h2llvv,500000,1.471e-06
240,65,155,h2h2llvv,500000,5.072e-07
240,65,165,h2h2llvv,500000,7.124e-08
240,65,175,h2h2llvv,400026,6.476e-10
240,65,185,h2h2llvv,500000,5.787e-10
240,70,80,h2h2llvv,500000,2.43e-05
240,70,90,h2h2llvv,500000,1.654e-05
240,70,100,h2h2llvv,500000,1.184e-05
240,70,110,h2h2llvv,500000,8.354e-06
240,70,120,h2h2llvv,500000,5.524e-06
240,70,130,h2h2llvv,500000,3.189e-06
240,70,140,h2h2llvv,500000,1.544e-06
240,70,150,h2h2llvv,500000,5.348e-07
240,70,160,h2h2llvv,500000,7.535e-08
240,70,170,h2h2llvv,500000,1.845e-10
240,70,180,h2h2llvv,500000,1.749e-10
240,70,190,h2h2llvv,500000,1.755e-10
240,75,85,h2h2llvv,500000,1.868e-05
240,75,95,h2h2llvv,500000,1.23e-05
240,75,105,h2h2llvv,500000,8.412e-06
240,75,115,h2h2llvv,500000,5.543e-06
240,75,125,h2h2llvv,-1,
240,75,135,h2h2llvv,500000,1.609e-06
240,75,145,h2h2llvv,500000,5.621e-07
240,75,155,h2h2llvv,500000,7.944e-08
240,75,165,h2h2llvv,500000,7.005e-11
240,75,175,h2h2llvv,500000,6.781e-11
240,75,185,h2h2llvv,500000,6.881e-11
240,75,195,h2h2llvv,500000,7.032e-11
240,80,90,h2h2llvv,500000,1.39e-05
240,80,100,h2h2llvv,500000,8.73e-06
240,80,110,h2h2llvv,500000,5.577e-06
240,80,120,h2h2llvv,500000,3.312e-06
240,80,130,h2h2llvv,500000,1.668e-06
240,80,140,h2h2llvv,500000,5.85e-07
240,80,150,h2h2llvv,500000,8.328e-08
240,80,160,h2h2llvv,500000,2.935e-11
240,80,170,h2h2llvv,500000,2.854e-11
240,80,180,h2h2llvv,500000,2.918e-11
240,80,190,h2h2llvv,500000,3.004e-11
240,80,200,h2h2llvv,500000,3.092e-11
240,85,95,h2h2llvv,500000,9.855e-06
240,85,105,h2h2llvv,500000,5.785e-06
240,85,115,h2h2llvv,500000,3.333e-06
240,85,125,h2h2llvv,500000,1.669e-06
240,85,135,h2h2llvv,500000,6.059e-07
240,85,145,h2h2llvv,500000,8.665e-08
240,85,155,h2h2llvv,500000,1.116e-11
240,85,165,h2h2llvv,500000,1.09e-11
240,85,175,h2h2llvv,0,1.124e-11
240,85,185,h2h2llvv,500000,1.165e-11
240,85,195,h2h2llvv,500000,1.207e-11
240,85,205,h2h2llvv,500000,1.248e-11
240,90,100,h2h2llvv,500000,6.529e-06
240,90,110,h2h2llvv,500000,3.455e-06
240,90,120,h2h2llvv,500000,1.678e-06
240,90,130,h2h2llvv,500000,6.061e-07
240,90,140,h2h2llvv,500000,8.958e-08
240,90,150,h2h2llvv,400002,3.649e-12
240,90,160,h2h2llvv,500000,3.579e-12
240,90,170,h2h2llvv,500000,3.725e-12
240,90,180,h2h2llvv,500000,3.895e-12
240,90,190,h2h2llvv,500000,4.069e-12
240,90,200,h2h2llvv,500000,4.235e-12
240,90,210,h2h2llvv,500000,4.396e-12
240,95,105,h2h2llvv,500000,3.898e-06
240,95,115,h2h2llvv,500000,1.742e-06
240,95,125,h2h2llvv,500000,6.093e-07
240,95,135,h2h2llvv,500000,8.952e-08
240,95,145,h2h2llvv,400023,9.591e-13
240,95,155,h2h2llvv,400149,9.484e-13
240,95,165,h2h2llvv,500000,9.964e-13
240,95,175,h2h2llvv,500000,1.053e-12
240,95,185,h2h2llvv,500000,1.111e-12
240,95,195,h2h2llvv,400038,1.168e-12
240,95,205,h2h2llvv,500000,1.215e-12
240,95,215,h2h2llvv,500000,1.263e-12
240,100,110,h2h2llvv,500000,1.966e-06
240,100,120,h2h2llvv,500000,6.319e-07
240,100,130,h2h2llvv,500000,9.006e-08
240,100,140,h2h2llvv,216,5.879e-12
240,100,150,h2h2llvv,499752,1.808e-13
240,100,160,h2h2llvv,300310,1.946e-13
240,100,170,h2h2llvv,400051,2.073e-13
240,100,180,h2h2llvv,300067,2.236e-13
240,100,190,h2h2llvv,300205,2.342e-13
240,100,200,h2h2llvv,500000,2.454e-13
240,100,210,h2h2llvv,400055,2.588e-13
240,100,220,h2h2llvv,400023,2.703e-13
240,105,115,h2h2llvv,500000,7.131e-07
240,105,125,h2h2llvv,500000,9.327e-08
240,105,135,h2h2llvv,200,4.985e-13
240,105,145,h2h2llvv,320,2.218e-14
240,105,155,h2h2llvv,200025,2.225e-14
240,105,165,h2h2llvv,200186,2.443e-14
240,105,175,h2h2llvv,200164,2.615e-14
240,105,185,h2h2llvv,100104,2.846e-14
240,105,195,h2h2llvv,100119,3.089e-14
240,105,205,h2h2llvv,200096,3.18e-14
240,105,215,h2h2llvv,300078,3.286e-14
240,105,225,h2h2llvv,300088,3.454e-14
240,110,120,h2h2llvv,500000,1.053e-07
240,110,130,h2h2llvv,157,2.192e-13
240,110,140,h2h2llvv,194,8.749e-16
240,110,150,h2h2llvv,198,9.942e-16
240,110,160,h2h2llvv,200269,1.062e-15
240,110,170,h2h2llvv,100075,1.157e-15
240,110,180,h2h2llvv,311,1.285e-15
240,110,190,h2h2llvv,200053,1.348e-15
240,110,200,h2h2llvv,645,1.655e-15
240,110,210,h2h2llvv,218,3.384e-15
240,110,220,h2h2llvv,177,1.654e-15
240,110,230,h2h2llvv,0,1.706e-15
240,115,125,h2h2llvv,119,2.012e-15
240,115,135,h2h2llvv,177,5.427e-17
240,115,145,h2h2llvv,205,3.995e-17
240,115,155,h2h2llvv,92,1.577e-17
240,115,165,h2h2llvv,101,2.388e-17
240,115,175,h2h2llvv,110,5.143e-17
240,115,185,h2h2llvv,58,3.605e-17
240,115,195,h2h2llvv,110,5.139e-17
240,115,205,h2h2llvv,126,2.174e-17
240,115,215,h2h2llvv,177,5.547e-18
240,115,225,h2h2llvv,183,8.493e-18
240,115,235,h2h2llvv,81,6.868e-15
240,50,190,h2h2llvv,400076,7.281e-09
240,50,210,h2h2llvv,500000,
240,50,230,h2h2llvv,500000,6.154e-09
240,50,250,h2h2llvv,500000,6.107e-09
240,50,270,h2h2llvv,500000,6.095e-09
240,60,200,h2h2llvv,500000,1.556e-09
240,60,220,h2h2llvv,500000,1.54e-09
240,60,240,h2h2llvv,500000,1.543e-09
240,60,260,h2h2llvv,500000,1.551e-09
240,60,280,h2h2llvv,500000,1.56e-09
240,70,210,h2h2llvv,500000,1.807e-10
240,70,230,h2h2llvv,500000,1.86e-10
240,70,250,h2h2llvv,500000,1.909e-10
240,70,270,h2h2llvv,400053,1.968e-10
240,70,290,h2h2llvv,500000,1.991e-10
240,80,220,h2h2llvv,500000,3.26e-11
240,80,240,h2h2llvv,500000,3.41e-11
240,80,260,h2h2llvv,500000,3.544e-11
240,80,280,h2h2llvv,500000,3.662e-11
240,80,300,h2h2llvv,500000,3.767e-11
240,90,230,h2h2llvv,500000,4.679e-12
240,90,250,h2h2llvv,500000,4.932e-12
240,90,270,h2h2llvv,500000,5.153e-12
240,90,290,h2h2llvv,500000,5.346e-12
240,90,310,h2h2llvv,400455,5.516e-12
240,100,240,h2h2llvv,400050,2.896e-13
240,100,260,h2h2llvv,300162,3.052e-13
240,100,280,h2h2llvv,300197,3.232e-13
240,100,300,h2h2llvv,400063,3.335e-13
240,100,320,h2h2llvv,300992,3.455e-13
240,110,250,h2h2llvv,738,1.811e-15
240,110,270,h2h2llvv,100164,1.981e-15
240,110,290,h2h2llvv,200098,2.089e-15
240,110,310,h2h2llvv,246,2.176e-15
240,110,330,h2h2llvv,200061,2.192e-15
240,50,142,h2h2llvv,500000,4.102e-06
240,55,147,h2h2llvv,500000,2.398e-06
240,60,152,h2h2llvv,500000,1.16e-06
240,65,157,h2h2llvv,500000,3.814e-07
240,70,162,h2h2llvv,500000,3.791e-08
240,75,167,h2h2llvv,500000,6.882e-11
240,80,172,h2h2llvv,500000,2.862e-11
240,85,177,h2h2llvv,500000,1.131e-11
240,90,182,h2h2llvv,500000,3.931e-12
240,95,187,h2h2llvv,400037,1.126e-12
240,100,192,h2h2llvv,300021,2.357e-13
240,105,197,h2h2llvv,100270,3.033e-14
240,110,202,h2h2llvv,170,1.491e-15
240,115,207,h2h2llvv,146,5.721e-18
365,50,60,h2h2ll,500000,0.008932
365,50,70,h2h2ll,500000,0.008216
365,50,80,h2h2ll,500000,0.007837
365,50,90,h2h2ll,500000,0.007661
365,50,100,h2h2ll,500000,0.007473
365,50,110,h2h2ll,500000,0.007064
365,50,120,h2h2ll,500000,0.006628
365,50,130,h2h2ll,500000,0.006181
365,50,140,h2h2ll,500000,0.005725
365,50,150,h2h2ll,500000,0.005267
365,50,160,h2h2ll,500000,0.004785
365,50,170,h2h2ll,500000,0.004312
365,55,65,h2h2ll,500000,0.008676
365,55,75,h2h2ll,500000,0.007947
365,55,85,h2h2ll,500000,0.007563
365,55,95,h2h2ll,500000,0.007364
365,55,105,h2h2ll,500000,0.007162
365,55,115,h2h2ll,500000,0.006739
365,55,125,h2h2ll,500000,0.006295
365,55,135,h2h2ll,500000,0.00583
365,55,145,h2h2ll,500000,0.005391
365,55,155,h2h2ll,500000,0.004925
365,55,165,h2h2ll,500000,0.004442
365,55,175,h2h2ll,500000,0.003974
365,60,70,h2h2ll,500000,0.008387
365,60,80,h2h2ll,500000,0.007672
365,60,90,h2h2ll,500000,0.007273
365,60,100,h2h2ll,500000,0.007055
365,60,110,h2h2ll,500000,0.006833
365,60,120,h2h2ll,500000,0.0064
365,60,130,h2h2ll,500000,0.005957
365,60,140,h2h2ll,500000,0.005494
365,60,150,h2h2ll,500000,0.005034
365,60,160,h2h2ll,500000,0.004566
365,60,170,h2h2ll,500000,0.004092
365,60,180,h2h2ll,500000,0.003627
365,65,75,h2h2ll,500000,0.008089
365,65,85,h2h2ll,500000,0.007371
365,65,95,h2h2ll,500000,0.006964
365,65,105,h2h2ll,500000,0.006725
365,65,115,h2h2ll,500000,0.006491
365,65,125,h2h2ll,500000,0.006053
365,65,135,h2h2ll,500000,0.0056
365,65,145,h2h2ll,500000,0.00514
365,65,155,h2h2ll,500000,0.004679
365,65,165,h2h2ll,500000,0.004204
365,65,175,h2h2ll,500000,0.003736
365,65,185,h2h2ll,500000,0.003277
365,70,80,h2h2ll,500000,0.007784
365,70,90,h2h2ll,500000,0.007072
365,70,100,h2h2ll,500000,0.006639
365,70,110,h2h2ll,500000,0.006387
365,70,120,h2h2ll,500000,0.006135
365,70,130,h2h2ll,500000,0.005687
365,70,140,h2h2ll,500000,0.005237
365,70,150,h2h2ll,500000,0.00476
365,70,160,h2h2ll,500000,0.004303
365,70,170,h2h2ll,500000,0.003844
365,70,180,h2h2ll,500000,0.003376
365,70,190,h2h2ll,500000,0.002926
365,75,85,h2h2ll,500000,0.007452
365,75,95,h2h2ll,500000,0.006747
365,75,105,h2h2ll,500000,0.00631
365,75,115,h2h2ll,500000,0.006041
365,75,125,h2h2ll,500000,0.005762
365,75,135,h2h2ll,500000,0.005315
365,75,145,h2h2ll,500000,0.004858
365,75,155,h2h2ll,500000,0.004391
365,75,165,h2h2ll,500000,0.003944
365,75,175,h2h2ll,500000,0.003477
365,75,185,h2h2ll,500000,0.003019
365,75,195,h2h2ll,500000,0.002578
365,80,90,h2h2ll,500000,0.007112
365,80,100,h2h2ll,500000,0.006412
365,80,110,h2h2ll,500000,0.005966
365,80,120,h2h2ll,500000,0.00567
365,80,130,h2h2ll,500000,0.005393
365,80,140,h2h2ll,500000,0.004933
365,80,150,h2h2ll,500000,0.004476
365,80,160,h2h2ll,500000,0.004016
365,80,170,h2h2ll,500000,0.003567
365,80,180,h2h2ll,500000,0.003106
365,80,190,h2h2ll,500000,0.002661
365,80,200,h2h2ll,500000,0.002234
365,85,95,h2h2ll,500000,0.006752
365,85,105,h2h2ll,500000,0.006064
365,85,115,h2h2ll,500000,0.00561
365,85,125,h2h2ll,500000,0.005294
365,85,135,h2h2ll,500000,0.005003
365,85,145,h2h2ll,500000,0.004547
365,85,155,h2h2ll,500000,0.00409
365,85,165,h2h2ll,500000,0.003623
365,85,175,h2h2ll,500000,0.00318
365,85,185,h2h2ll,500000,0.002738
365,85,195,h2h2ll,500000,0.002305
365,85,205,h2h2ll,500000,0.001895
365,90,100,h2h2ll,500000,0.006376
365,90,110,h2h2ll,500000,0.005692
365,90,120,h2h2ll,500000,0.005242
365,90,130,h2h2ll,500000,0.004915
365,90,140,h2h2ll,500000,0.004608
365,90,150,h2h2ll,500000,0.004153
365,90,160,h2h2ll,500000,0.003698
365,90,170,h2h2ll,500000,0.003251
365,90,180,h2h2ll,500000,0.002806
365,90,190,h2h2ll,500000,0.002372
365,90,200,h2h2ll,500000,0.001954
365,90,210,h2h2ll,500000,0.001562
365,95,105,h2h2ll,500000,0.005994
365,95,115,h2h2ll,500000,0.005328
365,95,125,h2h2ll,500000,0.004865
365,95,135,h2h2ll,500000,0.004525
365,95,145,h2h2ll,500000,0.004207
365,95,155,h2h2ll,500000,0.003758
365,95,165,h2h2ll,500000,0.003309
365,95,175,h2h2ll,500000,0.002854
365,95,185,h2h2ll,500000,0.002434
365,95,195,h2h2ll,500000,0.002011
365,95,205,h2h2ll,500000,0.001611
365,95,215,h2h2ll,500000,0.001242
365,100,110,h2h2ll,500000,0.00561
365,100,120,h2h2ll,500000,0.004946
365,100,130,h2h2ll,500000,0.004485
365,100,140,h2h2ll,500000,0.004134
365,100,150,h2h2ll,500000,0.00381
365,100,160,h2h2ll,500000,0.003359
365,100,170,h2h2ll,500000,0.002911
365,100,180,h2h2ll,500000,0.002483
365,100,190,h2h2ll,500000,0.002059
365,100,200,h2h2ll,500000,0.001658
365,100,210,h2h2ll,500000,0.001283
365,100,220,h2h2ll,500000,0.0009386
365,105,115,h2h2ll,500000,0.005201
365,105,125,h2h2ll,500000,0.004553
365,105,135,h2h2ll,500000,0.004095
365,105,145,h2h2ll,500000,0.003734
365,105,155,h2h2ll,500000,0.003406
365,105,165,h2h2ll,500000,0.002958
365,105,175,h2h2ll,500000,0.002521
365,105,185,h2h2ll,500000,0.002098
365,105,195,h2h2ll,500000,0.001701
365,105,205,h2h2ll,500000,0.001318
365,105,215,h2h2ll,500000,0.000969
365,105,225,h2h2ll,500000,0.0006572
365,110,120,h2h2ll,500000,0.004791
365,110,130,h2h2ll,500000,0.004159
365,110,140,h2h2ll,500000,0.003704
365,110,150,h2h2ll,500000,0.003339
365,110,160,h2h2ll,500000,0.002998
365,110,170,h2h2ll,500000,0.002562
365,110,180,h2h2ll,500000,0.002139
365,110,190,h2h2ll,500000,0.001736
365,110,200,h2h2ll,500000,0.00135
365,110,210,h2h2ll,500000,0.0009976
365,110,220,h2h2ll,500000,0.0006779
365,110,230,h2h2ll,500000,0.0004042
365,115,125,h2h2ll,500000,0.004377
365,115,135,h2h2ll,500000,0.00376
365,115,145,h2h2ll,500000,0.003306
365,115,155,h2h2ll,500000,0.00294
365,115,165,h2h2ll,500000,0.0026
365,115,175,h2h2ll,500000,0.002169
365,115,185,h2h2ll,500000,0.001765
365,115,195,h2h2ll,500000,0.001379
365,115,205,h2h2ll,500000,0.001023
365,115,215,h2h2ll,500000,0.0006988
365,115,225,h2h2ll,500000,0.0004178
365,115,235,h2h2ll,500000,0.0001921
365,50,190,h2h2ll,500000,0.003382
365,50,210,h2h2ll,500000,0.002516
365,50,230,h2h2ll,500000,0.001738
365,50,250,h2h2ll,500000,0.001084
365,50,270,h2h2ll,500000,0.0005763
365,60,200,h2h2ll,500000,0.002731
365,60,220,h2h2ll,500000,0.001917
365,60,240,h2h2ll,500000,0.001215
365,60,260,h2h2ll,500000,0.0006558
365,60,280,h2h2ll,500000,0.000262
365,70,210,h2h2ll,500000,0.002085
365,70,230,h2h2ll,500000,0.001341
365,70,250,h2h2ll,500000,0.0007328
365,70,270,h2h2ll,500000,0.0002922
365,70,290,h2h2ll,500000,4.91e-05
365,80,220,h2h2ll,500000,0.001456
365,80,240,h2h2ll,500000,0.0008061
365,80,260,h2h2ll,500000,0.0003217
365,80,280,h2h2ll,500000,4.586e-05
365,80,300,h2h2ll,500000,1.198e-05
365,90,230,h2h2ll,500000,0.0008754
365,90,250,h2h2ll,500000,0.0003499
365,90,270,h2h2ll,500000,4.28e-05
365,90,290,h2h2ll,500000,7.833e-06
365,90,310,h2h2ll,500000,6.268e-06
365,100,240,h2h2ll,500000,0.0003777
365,100,260,h2h2ll,500000,4.036e-05
365,100,280,h2h2ll,500000,4.537e-06
365,100,300,h2h2ll,500000,3.618e-06
365,100,320,h2h2ll,500000,3.316e-06
365,110,250,h2h2ll,500000,3.887e-05
365,110,270,h2h2ll,500000,2.174e-06
365,110,290,h2h2ll,500000,1.756e-06
365,110,310,h2h2ll,500000,1.632e-06
365,110,330,h2h2ll,500000,1.577e-06
365,50,142,h2h2ll,500000,0.005632
365,55,147,h2h2ll,500000,0.005285
365,60,152,h2h2ll,500000,0.004935
365,65,157,h2h2ll,500000,0.004587
365,70,162,h2h2ll,500000,0.004215
365,75,167,h2h2ll,500000,0.003842
365,80,172,h2h2ll,500000,0.003468
365,85,177,h2h2ll,500000,0.003091
365,90,182,h2h2ll,500000,0.002713
365,95,187,h2h2ll,500000,0.002343
365,100,192,h2h2ll,500000,0.001976
365,105,197,h2h2ll,500000,0.001619
365,110,202,h2h2ll,500000,0.001277
365,115,207,h2h2ll,500000,0.0009537
365,50,60,h2h2llvv,500000,
365,50,70,h2h2llvv,500000,0.009989
365,50,80,h2h2llvv,500000,0.008026
365,50,90,h2h2llvv,500000,0.006158
365,50,100,h2h2llvv,500000,0.004307
365,50,110,h2h2llvv,500000,0.002586
365,50,120,h2h2llvv,500000,0.001123
365,50,130,h2h2llvv,500000,0.0001347
365,50,140,h2h2llvv,500000,2.141e-05
365,50,150,h2h2llvv,500000,1.55e-05
365,50,160,h2h2llvv,-1,1.187e-05
365,50,170,h2h2llvv,500000,9.406e-06
365,55,65,h2h2llvv,500000,0.01091
365,55,75,h2h2llvv,500000,0.009006
365,55,85,h2h2llvv,500000,0.007116
365,55,95,h2h2llvv,500000,0.005221
365,55,105,h2h2llvv,500000,0.003423
365,55,115,h2h2llvv,500000,0.001812
365,55,125,h2h2llvv,500000,0.0005431
365,55,135,h2h2llvv,500000,2.415e-05
365,55,145,h2h2llvv,500000,1.624e-05
365,55,155,h2h2llvv,500000,1.234e-05
365,55,165,h2h2llvv,500000,9.747e-06
365,55,175,h2h2llvv,500000,7.889e-06
365,60,70,h2h2llvv,500000,0.009933
365,60,80,h2h2llvv,500000,0.008034
365,60,90,h2h2llvv,500000,0.006171
365,60,100,h2h2llvv,500000,0.0043
365,60,110,h2h2llvv,500000,0.002587
365,60,120,h2h2llvv,500000,0.001118
365,60,130,h2h2llvv,500000,0.0001271
365,60,140,h2h2llvv,500000,1.71e-05
365,60,150,h2h2llvv,500000,1.277e-05
365,60,160,h2h2llvv,500000,1.008e-05
365,60,170,h2h2llvv,500000,8.157e-06
365,60,180,h2h2llvv,500000,6.644e-06
365,65,75,h2h2llvv,500000,0.008987
365,65,85,h2h2llvv,500000,0.007084
365,65,95,h2h2llvv,500000,0.005232
365,65,105,h2h2llvv,500000,0.003425
365,65,115,h2h2llvv,500000,0.001812
365,65,125,h2h2llvv,500000,0.0005381
365,65,135,h2h2llvv,500000,1.879e-05
365,65,145,h2h2llvv,500000,1.322e-05
365,65,155,h2h2llvv,0,
365,65,165,h2h2llvv,500000,8.42e-06
365,65,175,h2h2llvv,500000,6.866e-06
365,65,185,h2h2llvv,500000,5.55e-06
365,70,80,h2h2llvv,500000,0.008024
365,70,90,h2h2llvv,500000,0.006115
365,70,100,h2h2llvv,500000,0.004308
365,70,110,h2h2llvv,500000,0.002587
365,70,120,h2h2llvv,500000,0.001119
365,70,130,h2h2llvv,-1,0.0001207
365,70,140,h2h2llvv,500000,1.371e-05
365,70,150,h2h2llvv,500000,1.066e-05
365,70,160,h2h2llvv,500000,8.662e-06
365,70,170,h2h2llvv,500000,7.088e-06
365,70,180,h2h2llvv,500000,5.733e-06
365,70,190,h2h2llvv,500000,4.573e-06
365,75,85,h2h2llvv,500000,0.007047
365,75,95,h2h2llvv,500000,0.005191
365,75,105,h2h2llvv,500000,0.003426
365,75,115,h2h2llvv,500000,0.001812
365,75,125,h2h2llvv,500000,0.0005361
365,75,135,h2h2llvv,417859,1.457e-05
365,75,145,h2h2llvv,500000,1.096e-05
365,75,155,h2h2llvv,500000,8.88e-06
365,75,165,h2h2llvv,500000,7.308e-06
365,75,175,h2h2llvv,500000,5.921e-06
365,75,185,h2h2llvv,500000,4.73e-06
365,75,195,h2h2llvv,500000,3.706e-06
365,80,90,h2h2llvv,500000,0.0061
365,80,100,h2h2llvv,500000,0.00429
365,80,110,h2h2llvv,500000,0.002588
365,80,120,h2h2llvv,500000,0.001119
365,80,130,h2h2llvv,500000,0.0001163
365,80,140,h2h2llvv,500000,1.124e-05
365,80,150,h2h2llvv,500000,9.096e-06
365,80,160,h2h2llvv,500000,7.472e-06
365,80,170,h2h2llvv,500000,6.102e-06
365,80,180,h2h2llvv,500000,4.881e-06
365,80,190,h2h2llvv,500000,3.833e-06
365,80,200,h2h2llvv,500000,2.934e-06
365,85,95,h2h2llvv,500000,0.005169
365,85,105,h2h2llvv,500000,0.003406
365,85,115,h2h2llvv,500000,0.00182
365,85,125,h2h2llvv,500000,0.0005357
365,85,135,h2h2llvv,414898,1.161e-05
365,85,145,h2h2llvv,500000,9.294e-06
365,85,155,h2h2llvv,500000,7.654e-06
365,85,165,h2h2llvv,500000,6.23e-06
365,85,175,h2h2llvv,1309,5.02e-06
365,85,185,h2h2llvv,500000,3.962e-06
365,85,195,h2h2llvv,500000,3.036e-06
365,85,205,h2h2llvv,500000,2.246e-06
365,90,100,h2h2llvv,500000,0.004274
365,90,110,h2h2llvv,500000,0.002579
365,90,120,h2h2llvv,0,0.001118
365,90,130,h2h2llvv,500000,0.0001134
365,90,140,h2h2llvv,444157,9.469e-06
365,90,150,h2h2llvv,444422,7.799e-06
365,90,160,h2h2llvv,500000,6.381e-06
365,90,170,h2h2llvv,500000,5.151e-06
365,90,180,h2h2llvv,500000,4.076e-06
365,90,190,h2h2llvv,500000,3.135e-06
365,90,200,h2h2llvv,500000,2.325e-06
365,90,210,h2h2llvv,500000,1.649e-06
365,95,105,h2h2llvv,500000,0.003391
365,95,115,h2h2llvv,500000,0.001805
365,95,125,h2h2llvv,500000,0.0005368
365,95,135,h2h2llvv,500000,9.374e-06
365,95,145,h2h2llvv,-1,
365,95,155,h2h2llvv,500000,6.509e-06
365,95,165,h2h2llvv,500000,5.26e-06
365,95,175,h2h2llvv,500000,4.163e-06
365,95,185,h2h2llvv,500000,3.234e-06
365,95,195,h2h2llvv,500000,2.4e-06
365,95,205,h2h2llvv,500000,1.707e-06
365,95,215,h2h2llvv,500000,1.141e-06
365,100,110,h2h2llvv,500000,0.002569
365,100,120,h2h2llvv,500000,0.001114
365,100,130,h2h2llvv,500000,0.0001125
365,100,140,h2h2llvv,410062,7.838e-06
365,100,150,h2h2llvv,411945,6.625e-06
365,100,160,h2h2llvv,500000,5.361e-06
365,100,170,h2h2llvv,500000,4.262e-06
365,100,180,h2h2llvv,500000,3.31e-06
365,100,190,h2h2llvv,500000,2.47e-06
365,100,200,h2h2llvv,500000,1.76e-06
365,100,210,h2h2llvv,500000,
365,100,220,h2h2llvv,500000,7.268e-07
365,105,115,h2h2llvv,0,0.001802
365,105,125,h2h2llvv,500000,0.0005343
365,105,135,h2h2llvv,500000,7.817e-06
365,105,145,h2h2llvv,500000,6.521e-06
365,105,155,h2h2llvv,492893,5.451e-06
365,105,165,h2h2llvv,500000,4.342e-06
365,105,175,h2h2llvv,500000,3.37e-06
365,105,185,h2h2llvv,500000,2.524e-06
365,105,195,h2h2llvv,500000,1.814e-06
365,105,205,h2h2llvv,500000,1.217e-06
365,105,215,h2h2llvv,500000,7.51e-07
365,105,225,h2h2llvv,500000,4.053e-07
365,110,120,h2h2llvv,500000,0.001118
365,110,130,h2h2llvv,500000,0.0001109
365,110,140,h2h2llvv,500000,6.505e-06
365,110,150,h2h2llvv,500000,5.37e-06
365,110,160,h2h2llvv,460122,4.415e-06
365,110,170,h2h2llvv,500000,3.433e-06
365,110,180,h2h2llvv,500000,2.582e-06
365,110,190,h2h2llvv,500000,1.854e-06
365,110,200,h2h2llvv,500000,1.25e-06
365,110,210,h2h2llvv,500000,7.744e-07
365,110,220,h2h2llvv,500000,4.179e-07
365,110,230,h2h2llvv,500000,1.799e-07
365,115,125,h2h2llvv,500000,0.0005332
365,115,135,h2h2llvv,500000,6.699e-06
365,115,145,h2h2llvv,500000,5.354e-06
365,115,155,h2h2llvv,500000,4.347e-06
365,115,165,h2h2llvv,500000,3.493e-06
365,115,175,h2h2llvv,500000,2.624e-06
365,115,185,h2h2llvv,500000,1.892e-06
365,115,195,h2h2llvv,500000,1.281e-06
365,115,205,h2h2llvv,500000,7.964e-07
365,115,215,h2h2llvv,400277,4.313e-07
365,115,225,h2h2llvv,400002,1.851e-07
365,115,235,h2h2llvv,500000,4.873e-08
365,50,190,h2h2llvv,500000,6.173e-06
365,50,210,h2h2llvv,500000,3.946e-06
365,50,230,h2h2llvv,500000,2.35e-06
365,50,250,h2h2llvv,500000,1.276e-06
365,50,270,h2h2llvv,500000,6.275e-07
365,60,200,h2h2llvv,500000,4.256e-06
365,60,220,h2h2llvv,500000,2.53e-06
365,60,240,h2h2llvv,500000,1.331e-06
365,60,260,h2h2llvv,500000,5.935e-07
365,60,280,h2h2llvv,500000,2.247e-07
365,70,210,h2h2llvv,500000,2.733e-06
365,70,230,h2h2llvv,500000,1.425e-06
365,70,250,h2h2llvv,500000,5.992e-07
365,70,270,h2h2llvv,-1,1.815e-07
365,70,290,h2h2llvv,500000,5.75e-08
365,80,220,h2h2llvv,400164,1.539e-06
365,80,240,h2h2llvv,500000,6.32e-07
365,80,260,h2h2llvv,500000,1.645e-07
365,80,280,h2h2llvv,500000,2.89e-08
365,80,300,h2h2llvv,500000,2.226e-08
365,90,230,h2h2llvv,500000,6.775e-07
365,90,250,h2h2llvv,500000,1.639e-07
365,90,270,h2h2llvv,500000,1.483e-08
365,90,290,h2h2llvv,500000,9.908e-09
365,90,310,h2h2llvv,500000,9.246e-09
365,100,240,h2h2llvv,500000,1.706e-07
365,100,260,h2h2llvv,500000,8.041e-09
365,100,280,h2h2llvv,500000,4.463e-09
365,100,300,h2h2llvv,9681,
365,100,320,h2h2llvv,500000,4.047e-09
365,110,250,h2h2llvv,500000,4.305e-09
365,110,270,h2h2llvv,500000,1.76e-09
365,110,290,h2h2llvv,500000,1.657e-09
365,110,310,h2h2llvv,500000,1.636e-09
365,110,330,h2h2llvv,500000,1.637e-09
365,50,142,h2h2llvv,500000,1.989e-05
365,55,147,h2h2llvv,500000,1.528e-05
365,60,152,h2h2llvv,500000,1.214e-05
365,65,157,h2h2llvv,500000,9.956e-06
365,70,162,h2h2llvv,500000,8.331e-06
365,75,167,h2h2llvv,500000,7.002e-06
365,80,172,h2h2llvv,500000,5.832e-06
365,85,177,h2h2llvv,500000,4.794e-06
365,90,182,h2h2llvv,500000,3.871e-06
365,95,187,h2h2llvv,500000,3.048e-06
365,100,192,h2h2llvv,500000,2.314e-06
365,105,197,h2h2llvv,500000,1.681e-06
365,110,202,h2h2llvv,500000,1.145e-06
365,115,207,h2h2llvv,500000,7.124e-07
